100 
-65.439832 -96.095297 -51.042019 -87.988427 -76.051269 -51.045019 
-70.630722 -82.517429 59.411629 -89.514246 -61.595276 59.408629 
-21.960565 -37.592225 -54.836598 -30.930497 -30.692160 -54.839598 
16.331492 -36.668456 -55.954017 6.312046 -39.643582 -55.957017 
88.147111 55.002137 97.346575 99.280667 30.483562 97.343575 
31.025787 69.096353 32.443310 47.702541 58.788852 32.440310 
99.771995 64.117240 -77.606328 112.858155 36.303774 -77.609328 
22.095148 10.379284 45.643684 23.977045 4.341159 45.640684 
63.974150 -33.611334 -58.262889 53.139360 -48.937210 -58.265889 
-31.572296 29.135430 2.154382 -23.064795 36.263766 2.151382 
82.009173 13.924421 94.529019 82.788743 -7.635587 94.526019 
30.588726 -34.899590 81.976255 20.544835 -41.599425 81.973255 
-22.007165 91.495289 -28.782377 2.210359 94.068700 -28.785377 
-53.300777 -46.190067 71.158525 -63.427702 -30.944069 71.155525 
-99.637242 11.296286 -3.274779 -93.428174 36.522370 -3.277779 
-78.304920 -27.091642 -80.068853 -82.681621 -6.059464 -80.071853 
-87.333718 -5.028023 -48.739700 -85.734834 17.583725 -48.742700 
99.251384 -1.645858 39.805648 95.448628 -27.115186 39.802648 
29.905906 15.950586 -5.822479 32.957556 7.717215 -5.825479 
71.202890 7.645283 -58.223496 70.731416 -10.925598 -58.226496 
-54.008756 89.710774 -58.142355 -29.174423 100.571149 -58.145355 
0.498229 2.003642 49.837552 0.952784 1.799169 49.834552 
-53.001714 65.886518 -1.508385 -34.325980 77.288736 -1.511385 
-73.399620 -77.659243 -28.479480 -90.941135 -56.188544 -28.482480 
21.514889 -96.716899 -82.846616 -4.116058 -99.006346 -82.849616 
-31.720622 7.988441 -10.215137 -28.644616 15.865659 -10.218137 
-93.085301 -64.669448 64.990638 -106.625757 -38.574531 64.987638 
-61.327873 7.061578 5.277232 -57.495045 22.581397 5.274232 
-4.082770 -34.853473 -80.876883 -12.949495 -32.641491 -80.879883 
31.091568 68.820943 43.807140 47.695308 58.505788 43.804140 
-3.484778 -77.864973 29.218931 -23.429022 -74.361105 29.215931 
7.410355 -68.565070 19.177107 -10.509251 -68.174699 19.174107 
88.280763 7.862768 43.856106 87.291212 -15.105812 43.853106 
65.857490 -74.222844 -80.189235 44.518971 -88.667937 -80.192235 
-61.600113 0.557078 -31.600991 -59.430315 16.365501 -31.603991 
-38.130790 51.584007 23.397872 -23.631766 59.643907 23.394872 
21.490033 -46.774683 28.787267 8.699094 -50.736298 28.784267 
-92.226340 -53.990450 -75.461320 -103.050303 -28.475276 -75.464320 
-3.078535 58.964269 74.339987 12.139705 57.764866 74.336987 
-87.966562 45.573637 50.482700 -73.337706 66.647354 50.479700 
60.096162 -89.184232 74.798008 35.104999 -101.645347 74.795008 
-3.738930 68.661278 92.397125 13.994418 67.305732 92.394125 
50.697917 -38.065690 -26.851438 39.164213 -49.828794 -26.854438 
-56.182061 18.658387 -46.580222 -49.540869 32.465549 -46.583222 
-56.745038 25.956933 -15.419753 -48.208611 39.663521 -15.422753 
61.081228 -58.591089 90.563004 43.921860 -72.333681 90.560004 
-60.134189 -91.360743 -87.682649 -81.643945 -72.839820 -87.685649 
62.274043 -50.050027 89.993415 47.270325 -64.386335 89.990415 
76.525557 -18.790112 -86.395404 69.079162 -37.840853 -86.398404 
-17.265567 79.643612 9.379077 3.745756 81.396386 9.376077 
64.591174 59.767178 -21.059683 77.741445 41.144223 -21.062683 
-87.953846 -83.933361 -23.597998 -106.619147 -58.510180 -23.600998 
3.042723 92.410340 -9.123289 26.653561 88.513157 -9.126289 
5.370103 8.574458 -77.187675 7.350143 6.896677 -77.190675 
-79.709807 64.265704 -99.938658 -60.553093 82.588528 -99.941658 
-18.746487 -7.104755 41.861155 -19.986709 -2.055651 41.858155 
49.824821 -69.210753 -76.234666 30.313671 -79.702615 -76.237666 
55.263570 79.497400 78.459865 73.799598 62.609257 78.456865 
82.433905 43.978734 -74.703010 90.925580 21.299409 -74.706010 
33.210319 19.272017 -64.630417 37.004783 10.077513 -64.633417 
-68.482834 23.195132 -92.803645 -60.261904 40.012103 -92.806645 
-96.891055 41.557818 20.917768 -82.994635 65.060820 20.914768 
-39.096113 -71.481591 -74.835570 -56.202416 -59.037287 -74.838570 
-25.787072 41.247419 37.282624 -14.360256 46.481402 37.279624 
82.941413 80.796260 13.528269 100.881100 56.749027 13.525269 
26.732349 -85.623478 19.201323 3.777945 -89.627083 19.198323 
66.061688 -59.499160 -43.079877 48.501479 -74.491612 -43.082877 
-36.181754 9.406008 88.518915 -32.591380 18.382453 88.515915 
-78.813568 -74.500973 -55.831533 -95.361191 -51.744603 -55.834533 
16.904339 50.670978 17.537691 29.318909 44.613104 17.534691 
-87.709012 91.427434 94.800948 -61.300692 110.893793 94.797948 
-40.265050 29.038339 -50.615489 -31.490346 38.404676 -50.618489 
97.577244 -73.954866 54.016518 75.241515 -96.563498 54.013518 
67.678328 37.524655 -34.544522 75.006719 18.855624 -34.547522 
36.089617 -99.915318 -3.914681 9.146561 -105.844145 -3.917681 
37.710051 -53.422943 39.208515 22.664819 -61.330962 39.205515 
75.497918 -2.402179 46.298908 72.299081 -21.739533 46.295908 
31.407342 -29.194859 25.901385 22.802513 -36.296880 25.898385 
-83.495223 94.077112 5.263311 -56.547348 112.371132 5.260311 
-96.073033 58.272381 -56.127963 -77.907118 81.003308 -56.130963 
48.956090 -62.469943 -59.149343 31.207070 -72.965030 -59.152343 
-70.757233 -29.438604 -24.787126 -75.990970 -10.267908 -24.790126 
39.968769 14.768588 56.090305 42.378337 3.987978 56.087305 
-99.446469 -40.341657 63.518873 -106.518924 -13.429064 63.515873 
-80.658504 20.435228 -81.491708 -72.737868 40.475088 -81.494708 
-73.071593 -66.479272 86.669306 -87.749980 -45.468661 86.666306 
-40.581033 -81.723862 93.286129 -60.270516 -68.553571 93.283129 
4.374885 93.102088 -75.684267 28.118784 88.839182 -75.687267 
57.807693 -74.513528 84.551951 36.665000 -86.879405 84.548951 
-16.327908 98.505179 -6.297527 9.500842 99.382961 -6.300527 
-32.977806 -73.658185 -16.015980 -50.849305 -62.713624 -16.018980 
-68.669074 -12.588990 -85.409286 -69.641287 5.478566 -85.412286 
-35.275629 -20.552544 -85.535538 -39.417471 -10.802139 -85.538538 
-88.451771 83.040824 45.034598 -64.174522 102.980006 45.031598 
-21.516067 -60.757930 48.213770 -36.456391 -53.193537 48.210770 
59.839998 -64.919854 86.109141 41.095345 -78.130641 86.106141 
-33.323988 -77.619920 -73.756896 -52.202337 -66.453208 -73.759896 
-67.247128 -50.525780 -27.158497 -78.019943 -31.548724 -27.161497 
-47.838538 -35.345831 -10.005116 -55.361207 -21.868543 -10.008116 
-69.289603 78.107853 -65.555035 -46.924565 93.286612 -65.558035 
