100 
-65.465541 -96.132079 -51.077979 -88.027458 -76.040272 -51.002209 
-70.637636 -82.477951 59.395941 -89.389254 -61.642850 59.444138 
-21.936506 -37.629209 -54.775280 -30.851479 -30.586957 -54.881845 
16.371180 -36.667302 -56.017959 6.294093 -39.756202 -55.984170 
88.133751 55.004236 97.288079 99.240091 30.524103 97.371688 
30.991221 69.159455 32.528832 47.729321 58.751986 32.402275 
99.741280 64.169986 -77.617863 112.905872 36.431485 -77.585499 
22.091025 10.473217 45.658621 23.929272 4.346537 45.631042 
64.158490 -33.571759 -58.393887 53.167348 -48.930614 -58.388277 
-31.655317 29.054845 2.152909 -23.097037 36.319563 2.249094 
81.967217 13.958604 94.502975 82.772803 -7.587957 94.562778 
30.492585 -34.879263 82.045835 20.571734 -41.631295 81.984120 
-21.994952 91.483173 -28.840683 2.168434 94.062266 -28.698762 
-53.200068 -46.242145 71.200746 -63.434343 -31.047259 71.106072 
-99.691269 11.324946 -3.342190 -93.385521 36.527242 -3.255093 
-78.227690 -27.138799 -80.060640 -82.713972 -6.141588 -80.179710 
-87.331330 -5.071430 -48.667152 -85.823493 17.581131 -48.702768 
99.270933 -1.736059 39.798496 95.412503 -27.169671 39.799955 
29.976115 16.047879 -5.702086 32.956166 7.807871 -5.897020 
71.149059 7.688840 -58.161706 70.661519 -10.856104 -58.244588 
-53.955685 89.725903 -58.191547 -29.214584 100.532115 -58.165799 
0.387525 2.131197 49.779822 0.922277 1.929788 49.817315 
-52.973503 65.802429 -1.450869 -34.304941 77.233082 -1.529703 
-73.405121 -77.672145 -28.469425 -90.940456 -56.239485 -28.524619 
21.543159 -96.729723 -82.761380 -4.223982 -98.968147 -82.761669 
-31.600197 8.061570 -10.248194 -28.630812 15.849696 -10.203174 
-92.963454 -64.579406 64.941448 -106.706017 -38.648865 64.959501 
-61.409590 6.965036 5.261512 -57.540777 22.578447 5.326631 
-4.028424 -34.784835 -80.902287 -13.006890 -32.556751 -80.822227 
31.166302 68.848712 43.841514 47.733847 58.482595 43.805669 
-3.437547 -77.873758 29.204229 -23.431915 -74.356642 29.080197 
7.458938 -68.554199 19.231922 -10.467954 -68.136588 19.114001 
88.180211 7.750120 43.890010 87.404738 -15.124327 43.834439 
65.737759 -74.323162 -80.109266 44.619659 -88.660645 -80.157765 
-61.611896 0.594695 -31.571070 -59.504775 16.263937 -31.537788 
-38.170389 51.547948 23.413374 -23.612471 59.571019 23.437166 
21.458323 -46.822948 28.724340 8.710522 -50.659027 28.894341 
-92.258476 -54.039711 -75.467043 -103.057186 -28.481806 -75.468346 
-3.075583 58.989056 74.350179 12.164426 57.792852 74.429661 
-88.016750 45.511802 50.508057 -73.348078 66.592708 50.394256 
60.198279 -89.269276 74.838332 35.060957 -101.670668 74.756090 
-3.741675 68.736450 92.368339 14.016082 67.403804 92.474288 
50.735951 -38.028698 -26.833751 39.134334 -49.845075 -26.759583 
-56.211789 18.678422 -46.570984 -49.656115 32.498308 -46.586403 
-56.751141 25.987239 -15.441039 -48.165343 39.784501 -15.404593 
60.996853 -58.542472 90.536146 43.905830 -72.315572 90.584505 
-60.177576 -91.400737 -87.643081 -81.549141 -72.832104 -87.605867 
62.309761 -50.006915 90.009123 47.254203 -64.363717 89.852479 
76.471955 -18.859147 -86.487306 69.072137 -37.732635 -86.435604 
-17.178966 79.579572 9.525592 3.801949 81.434540 9.361004 
64.617950 59.716306 -20.981344 77.692501 41.190554 -21.042631 
-87.957511 -83.931627 -23.554084 -106.610183 -58.526272 -23.663215 
3.176775 92.381370 -9.142264 26.697473 88.509827 -9.040740 
5.490500 8.669565 -77.231670 7.346035 6.886621 -77.193474 
-79.667758 64.290897 -99.872083 -60.499448 82.619559 -100.000119 
-18.836710 -7.155558 41.820532 -20.038243 -2.177269 41.888690 
49.872582 -69.142003 -76.247679 30.248238 -79.641599 -76.256702 
55.420775 79.502339 78.386812 73.904224 62.608304 78.452917 
82.428179 44.041211 -74.713699 90.833429 21.421238 -74.653000 
33.247204 19.269329 -64.669632 37.069688 10.052453 -64.718815 
-68.483474 23.116284 -92.791375 -60.283672 39.947325 -92.882013 
-96.913056 41.567226 20.984434 -83.068868 65.045451 21.013100 
-39.100937 -71.553638 -74.827040 -56.240462 -59.064290 -74.769107 
-25.678500 41.241373 37.250806 -14.483045 46.477402 37.235673 
82.998258 80.799076 13.559270 100.861334 56.844019 13.541542 
26.646464 -85.678849 19.105324 3.767819 -89.682480 19.190359 
66.145349 -59.584960 -43.064591 48.549500 -74.397585 -43.075012 
-36.124057 9.388237 88.479967 -32.571871 18.338255 88.534195 
-78.777335 -74.401125 -55.836709 -95.371584 -51.852899 -55.809505 
16.882262 50.632906 17.570093 29.365040 44.549853 17.559391 
-87.803221 91.445865 94.774075 -61.348169 110.778464 94.911138 
-40.190427 29.084837 -50.588376 -31.645648 38.424240 -50.514149 
97.464753 -73.904016 53.982051 75.277013 -96.564566 54.035353 
67.645015 37.576231 -34.499226 75.001992 18.914746 -34.543182 
36.022312 -100.007633 -3.981970 9.171191 -105.844435 -3.846645 
37.754990 -53.469465 39.233875 22.694957 -61.373175 39.250217 
75.545200 -2.332952 46.237821 72.380374 -21.761512 46.462302 
31.387129 -29.240209 25.808204 22.841314 -36.334869 25.804416 
-83.490766 94.155285 5.229721 -56.621001 112.384670 5.224780 
-96.129753 58.207511 -56.133283 -77.937242 81.103138 -56.208292 
48.991475 -62.478872 -59.170140 31.232997 -73.001959 -59.205258 
-70.731339 -29.375766 -24.802413 -75.932890 -10.317044 -24.786625 
39.886424 14.677209 56.016376 42.287203 3.945618 56.077933 
-99.427553 -40.279761 63.509521 -106.543784 -13.451756 63.591828 
-80.698630 20.479234 -81.512085 -72.759409 40.555469 -81.533689 
-72.982388 -66.582392 86.654933 -87.722471 -45.560508 86.669913 
-40.692385 -81.822095 93.253293 -60.226128 -68.578459 93.347315 
4.296472 93.085994 -75.623510 28.166975 88.814194 -75.650658 
57.889799 -74.516511 84.591740 36.668249 -86.817377 84.533580 
-16.429903 98.558695 -6.208763 9.510276 99.267140 -6.281766 
-32.993886 -73.764373 -16.047346 -50.834954 -62.869874 -16.063642 
-68.702936 -12.697156 -85.441769 -69.635772 5.534158 -85.425039 
-35.232239 -20.547340 -85.518549 -39.432866 -10.704703 -85.394594 
-88.500391 83.033246 45.035004 -64.173412 102.913271 45.156046 
-21.580628 -60.609593 48.228675 -36.581366 -53.269641 48.115155 
59.842828 -65.003279 86.129044 41.233033 -78.095817 86.016859 
-33.335058 -77.666399 -73.755521 -52.190040 -66.397458 -73.741773 
-67.171493 -50.504952 -27.199407 -78.075949 -31.488216 -27.129751 
-47.894847 -35.422260 -10.068249 -55.289289 -21.891590 -9.989309 
-69.264277 78.118586 -65.615269 -46.854694 93.211862 -65.564535 
